configurationID,cabac,ref,deblock,analyse,me,subme,mixed_ref,me_range,trellis,8x8dct,fast_pskip,chroma_qp_offset,bframes,b_pyramid,b_adapt,direct,weightb,open_gop,weightp,scenecut,rc_lookahead,mbtree,qpmax,aq-mode,size,usertime,systemtime,elapsedtime,cpu,frames,fps,kbs,etime
1,0,1,0:0:0,0:0,dia,0,0,16,0,0,1,0,0,None,None,None,None,None,0,0,None,0,69,0,15291937,2.72,0.29, 0:00.55,549,599,1613.04,6120.87,0.55
101,1,2,1:0:0,0x3:0x113,hex,6,1,16,1,1,1,0,8,2,1,spatial,1,0,1,0,60,1,69,1,11056003,14.69,0.49, 0:02.17,698,599,298.13,4425.36,2.17
102,1,2,1:0:0,0x3:0x113,hex,6,1,16,1,1,1,0,8,2,1,auto,1,0,1,0,10,1,69,0,13023750,14.11,0.35, 0:01.73,834,599,383.51,5212.98,1.73
103,1,2,0:0:0,0x3:0x3,umh,6,1,16,1,1,1,0,8,2,1,spatial,1,0,1,0,10,1,69,0,12991199,15.82,0.42, 0:01.78,909,599,369.75,5199.95,1.78
104,1,16,1:0:0,0x3:0x113,hex,6,1,24,1,1,1,-2,3,2,1,auto,1,0,1,40,30,0,69,1,9647707,24.74,0.47, 0:02.90,868,599,219.65,3861.66,2.9
105,1,7,1:0:0,0x3:0x113,dia,6,1,24,1,1,1,-2,3,2,1,spatial,1,0,1,40,30,0,69,1,9930600,16.4,0.4, 0:01.82,923,599,358.3,3974.9,1.82
106,0,5,1:0:0,0x3:0x113,tesa,0,1,16,1,1,1,-2,3,2,1,auto,1,0,1,40,30,1,69,1,13988310,12.25,0.38, 0:01.37,920,599,502.0,5599.07,1.37
107,0,5,1:0:0,0x3:0x3,umh,0,1,16,1,1,0,-2,3,2,1,auto,1,0,1,40,30,1,69,1,13051014,13.15,0.3, 0:01.51,886,599,445.03,5223.9,1.51
108,1,2,0:0:0,0x113:0x113,hex,6,1,24,0,1,1,-2,3,2,1,auto,1,0,1,40,30,1,69,1,10402897,11.86,0.5, 0:01.90,650,599,346.81,4163.94,1.9
109,1,2,0:0:0,0x113:0x113,hex,6,1,16,1,0,0,-2,3,2,1,auto,1,0,1,40,30,1,69,1,10397209,13.29,0.48, 0:01.89,725,599,346.38,4161.66,1.89
110,1,2,0:0:0,0x113:0x113,hex,6,1,24,1,0,1,-2,3,2,1,auto,1,0,1,40,30,1,69,0,12847303,13.58,0.4, 0:01.86,751,599,351.96,5142.36,1.86
11,0,1,1:0:0,0:0,dia,2,0,16,0,0,1,0,0,None,None,None,None,None,0,0,None,0,69,0,10795899,4.0,0.3, 0:00.58,736,599,1438.55,4321.25,0.58
111,1,2,0:0:0,0x113:0x113,hex,10,1,24,1,1,1,0,3,2,1,auto,1,0,2,40,30,0,69,1,9935907,21.24,0.43, 0:02.30,942,599,281.58,3977.02,2.3
112,1,3,1:0:0,0x3:0x113,hex,7,1,16,1,1,1,-2,3,2,1,auto,1,0,2,40,50,1,69,1,11298209,16.75,0.65, 0:02.16,802,599,300.58,4522.31,2.16
113,1,3,1:0:0,0x3:0x113,umh,7,1,16,1,1,1,-2,3,2,1,auto,1,0,2,40,40,1,69,1,11182089,19.84,0.57, 0:02.27,899,599,287.62,4475.83,2.27
114,1,3,1:0:0,0x3:0x113,hex,7,1,16,0,1,1,-2,3,2,1,spatial,1,0,2,40,40,1,69,1,10365230,15.4,0.56, 0:02.14,745,599,304.4,4148.86,2.14
115,1,7,1:0:0,0x3:0x113,hex,7,1,16,1,1,1,-2,3,2,1,auto,1,0,2,40,40,1,69,0,13526367,20.14,0.55, 0:02.37,871,599,273.12,5414.17,2.37
116,1,3,1:0:0,0x3:0x113,hex,10,1,16,1,1,1,0,3,2,1,auto,1,0,1,40,40,1,69,1,11321143,23.69,0.57, 0:02.84,854,599,222.57,4531.49,2.84
117,1,3,1:0:0,0x3:0x3,hex,7,1,16,1,1,1,-2,3,2,1,auto,1,0,2,40,40,1,69,1,11290942,17.4,0.52, 0:02.15,831,599,302.73,4519.4,2.15
118,0,3,1:0:0,0x3:0x3,hex,7,1,16,1,1,1,-2,3,2,1,auto,1,0,2,40,40,1,69,1,12681287,18.31,0.58, 0:02.25,838,599,288.75,5075.91,2.25
119,1,3,1:0:0,0x3:0x3,hex,7,1,16,1,0,1,0,16,2,1,auto,1,0,2,40,40,1,69,1,10253395,16.59,0.39, 0:02.29,740,599,278.76,4104.1,2.29
120,1,3,1:0:0,0x3:0x3,hex,7,1,16,1,0,1,0,16,2,1,auto,1,0,2,40,30,1,69,1,10245361,16.69,0.4, 0:02.24,762,599,288.85,4100.89,2.24
12,0,1,1:0:0,0:0,dia,2,0,24,0,0,1,0,0,None,None,None,None,None,0,0,None,0,69,0,10795899,4.04,0.3, 0:00.57,756,599,1448.01,4321.25,0.57
121,1,3,1:0:0,0x3:0x3,hex,7,1,16,1,0,1,0,16,2,1,spatial,1,0,2,40,40,1,69,0,12713076,17.65,0.41, 0:02.36,764,599,273.2,5088.63,2.36
122,1,3,1:0:0,0x3:0x3,hex,7,1,16,1,0,1,0,16,2,1,auto,1,0,1,40,40,1,69,1,10290473,16.46,0.46, 0:02.36,716,599,273.87,4118.94,2.36
123,1,3,1:0:0,0x3:0x113,hex,11,1,16,0,0,1,0,16,2,1,auto,1,0,2,40,40,1,69,1,10421744,21.06,0.37, 0:02.81,762,599,224.55,4171.49,2.81
124,1,3,1:0:0,0x3:0x3,hex,7,1,16,1,0,1,0,16,2,1,auto,1,0,2,0,50,0,69,0,9671685,15.21,0.34, 0:01.83,849,599,355.9,3871.26,1.83
125,1,3,1:0:0,0x3:0x3,hex,7,1,16,1,0,1,0,16,2,1,auto,1,0,2,40,30,0,69,0,9814035,14.84,0.39, 0:01.77,860,599,373.83,3928.24,1.77
126,1,3,0:0:0,0x3:0x3,hex,7,1,16,1,0,0,-2,16,2,1,auto,1,0,2,0,50,0,69,0,9760632,15.43,0.35, 0:01.79,877,599,369.7,3906.86,1.79
127,1,5,1:0:0,0x3:0x113,dia,4,1,16,1,1,1,-2,3,2,1,auto,1,0,2,40,40,1,69,1,10877038,12.73,0.31, 0:01.48,878,599,448.99,4353.72,1.48
128,1,5,0:0:0,0x3:0x113,dia,4,1,16,1,1,1,-2,3,2,1,spatial,1,0,2,40,40,1,69,1,10954009,12.89,0.39, 0:01.49,891,599,453.38,4384.53,1.49
129,0,5,0:0:0,0x3:0x3,dia,4,1,24,1,0,1,-2,3,2,1,spatial,1,0,2,40,40,1,69,1,11691211,14.53,0.42, 0:01.64,908,599,407.42,4679.61,1.64
130,1,5,0:0:0,0x3:0x113,dia,4,1,16,0,1,1,-2,3,2,1,spatial,1,0,2,40,20,0,69,1,8943836,10.99,0.29, 0:01.17,963,599,595.69,3579.93,1.17
13,0,1,1:0:0,0:0,dia,0,0,16,0,0,1,0,0,None,None,None,None,None,0,0,None,0,69,0,15229317,2.8,0.31, 0:00.53,587,599,1655.14,6095.8,0.53
131,1,5,0:0:0,0x3:0x3,dia,4,0,16,1,1,0,-2,3,2,1,spatial,1,0,2,40,20,0,69,1,9552915,12.13,0.39, 0:01.25,999,599,550.8,3823.72,1.25
132,1,7,0:0:0,0x3:0x113,dia,4,1,16,1,1,0,-2,3,2,1,spatial,1,0,2,40,20,0,69,1,9532661,14.65,0.36, 0:01.46,1026,599,462.0,3815.61,1.46
133,1,5,0:0:0,0x3:0x113,dia,4,1,16,1,1,0,-2,3,2,1,auto,1,0,2,40,20,0,69,1,9476438,12.76,0.39, 0:01.33,988,599,515.09,3793.11,1.33
134,1,3,1:0:0,0x3:0x113,hex,7,1,16,1,1,1,-2,3,2,1,auto,1,0,2,40,None,1,69,1,11290942,17.03,0.57, 0:02.08,846,599,313.79,4519.4,2.08
135,1,3,1:0:0,0x3:0x113,hex,11,1,16,1,1,1,-2,0,None,None,None,None,None,0,0,None,0,69,1,9728681,19.5,0.32, 0:03.09,640,599,205.33,3894.07,3.09
136,1,5,0:0:0,0x3:0x113,hex,7,1,16,1,1,1,0,0,None,None,None,None,None,0,0,None,1,69,0,13918230,17.6,0.48, 0:02.68,674,599,238.55,5571.02,2.68
137,1,3,1:0:0,0x3:0x113,hex,6,1,16,1,1,1,-2,0,None,None,None,None,None,0,0,None,0,69,1,9573466,12.84,0.32, 0:01.64,799,599,403.93,3831.95,1.64
138,0,5,0:0:0,0x113:0x113,tesa,10,0,24,2,1,0,-2,3,2,1,spatial,1,0,2,40,50,1,69,1,11840912,127.47,0.79, 0:13.85,925,599,43.8,4739.53,13.85
139,1,16,0:0:0,0x113:0x113,tesa,10,1,24,2,0,1,-2,3,2,1,spatial,1,0,2,40,50,1,69,0,12525107,205.1,0.82, 0:20.81,989,599,29.03,5013.39,20.81
140,1,16,1:0:0,0x113:0x113,hex,10,1,24,2,1,1,-2,8,2,1,spatial,1,0,2,40,30,1,69,0,13000393,74.11,0.47, 0:08.19,910,599,74.64,5203.63,8.19
14,0,1,0:0:0,0:0,dia,0,1,16,0,0,1,0,0,None,None,None,None,None,0,0,None,0,69,0,15291937,2.8,0.27, 0:00.55,558,599,1545.72,6120.87,0.55
141,1,16,0:0:0,0x113:0x113,hex,10,1,24,1,1,0,-2,3,2,1,spatial,1,0,2,None,50,1,69,0,13615012,38.59,0.53, 0:04.45,878,599,140.01,5449.65,4.45
142,1,16,0:0:0,0x113:0x113,hex,11,0,24,2,0,1,-2,0,None,None,None,None,None,0,0,None,0,69,1,8535214,74.5,0.36, 0:11.40,656,599,53.34,3416.37,11.4
143,1,16,0:0:0,0x113:0x113,hex,10,1,24,2,1,1,-2,0,None,None,None,None,None,0,0,None,1,69,0,13289113,67.1,0.47, 0:11.28,598,599,53.9,5319.2,11.28
144,0,8,0:0:0,0x113:0x113,umh,10,1,24,2,0,1,-2,0,None,None,None,None,None,0,0,None,0,69,1,9318763,83.65,0.34, 0:13.24,633,599,45.83,3730.0,13.24
145,0,5,1:0:0,0x3:0x113,hex,8,1,16,2,1,1,0,3,2,1,spatial,1,0,2,40,50,1,69,1,12670181,49.24,0.62, 0:06.45,772,599,95.42,5071.46,6.45
146,1,5,1:0:0,0x113:0x113,hex,8,1,16,2,1,1,0,3,2,1,spatial,1,0,2,40,50,1,69,1,11277487,33.75,0.51, 0:04.34,788,599,143.26,4514.01,4.34
147,0,1,0:0:0,0x3:0x113,hex,8,1,16,1,1,1,0,3,2,1,spatial,1,0,2,40,50,1,69,0,15188666,17.71,0.56, 0:02.22,821,599,292.5,6079.53,2.22
148,0,3,0:0:0,0:0,hex,8,1,16,2,1,1,0,3,2,1,spatial,1,0,2,40,20,0,69,0,12170696,45.71,0.57, 0:06.19,746,599,99.39,4871.53,6.19
149,0,3,1:0:0,0x3:0x113,hex,8,1,16,2,1,0,0,3,2,1,spatial,1,0,2,40,40,0,69,0,12184795,46.15,0.56, 0:06.32,738,599,97.23,4877.18,6.32
150,1,3,1:0:0,0x3:0x113,hex,8,1,16,1,1,0,0,3,2,1,spatial,1,0,2,40,60,0,69,1,9840969,20.11,0.44, 0:02.30,893,599,282.39,3939.02,2.3
15,0,1,0:0:0,0:0,dia,0,0,16,0,0,1,0,0,None,None,auto,None,None,0,0,None,0,69,0,15291937,2.66,0.25, 0:00.49,586,599,1670.45,6120.87,0.49
151,0,3,1:0:0,0x3:0x113,umh,8,1,16,2,1,0,0,3,2,1,spatial,1,0,2,40,60,0,69,1,10968763,46.12,0.49, 0:05.90,789,599,104.57,4390.44,5.9
152,1,3,1:0:0,0x3:0x113,hex,8,1,16,2,1,0,0,3,2,1,spatial,1,0,2,40,60,0,69,1,9860451,32.43,0.53, 0:04.16,791,599,150.29,3946.82,4.16
153,1,3,1:0:0,0x3:0x113,hex,8,1,16,2,1,0,0,3,2,1,auto,1,0,2,40,60,0,69,1,9862421,31.73,0.46, 0:03.97,809,599,156.52,3947.61,3.97
154,1,3,0:0:0,0x3:0x113,hex,8,1,16,2,1,0,0,3,2,1,spatial,1,0,2,40,10,0,69,1,9862046,31.12,0.49, 0:04.09,771,599,152.61,3947.46,4.09
155,1,3,1:0:0,0x3:0x113,hex,8,1,16,0,1,0,0,3,2,1,spatial,1,0,2,40,60,0,69,1,9151314,17.88,0.4, 0:02.09,872,599,313.36,3662.97,2.09
156,1,3,1:0:0,0x3:0x113,hex,8,1,16,2,1,0,0,3,2,1,spatial,1,0,2,40,10,0,69,0,10857896,32.67,0.45, 0:04.22,784,599,146.92,4346.06,4.22
157,1,8,1:0:0,0x3:0x113,umh,10,1,16,2,1,1,-2,3,2,2,spatial,None,0,2,40,60,1,69,1,10642628,75.83,0.5, 0:07.88,967,599,77.47,4259.9,7.88
158,1,8,1:0:0,0x3:0x3,umh,9,1,16,2,1,1,-2,3,2,2,spatial,1,0,2,40,60,1,69,1,11170756,57.41,0.47, 0:06.14,942,599,100.04,4471.29,6.14
159,1,16,1:0:0,0x3:0x3,umh,9,0,16,2,1,1,-2,3,2,2,spatial,1,0,2,40,60,1,69,1,11148837,70.68,0.61, 0:07.29,977,599,84.11,4462.52,7.29
160,1,16,1:0:0,0x113:0x113,umh,6,1,16,2,1,1,-2,3,2,2,spatial,1,0,2,40,30,1,69,1,10896432,44.59,0.66, 0:04.68,966,599,132.99,4361.49,4.68
16,0,1,0:0:0,0:0,dia,0,0,16,0,0,1,0,0,None,None,spatial,None,None,0,0,None,0,69,0,15291937,2.83,0.32, 0:00.55,570,599,1550.85,6120.87,0.55
161,1,3,1:0:0,0x113:0x113,umh,6,1,16,0,1,0,-2,3,2,2,auto,1,0,2,40,60,1,69,1,10078737,17.93,0.67, 0:03.16,588,599,201.1,4034.19,3.16
162,1,16,1:0:0,0x113:0x113,umh,6,1,16,2,1,1,-2,3,2,2,spatial,1,0,2,40,None,0,69,1,9081493,43.27,0.6, 0:04.65,942,599,133.5,3635.03,4.65
163,1,16,1:0:0,0x113:0x113,umh,6,1,16,2,1,1,-2,0,None,None,None,None,None,0,0,60,0,69,0,10562448,44.73,0.42, 0:07.83,576,599,78.15,4227.8,7.83
164,0,5,1:0:0,0x113:0x113,umh,6,1,16,2,0,1,-2,0,None,None,None,None,None,0,0,20,1,69,0,14698623,28.85,0.4, 0:05.41,540,599,114.43,5883.38,5.41
165,0,16,1:0:0,0x113:0x113,hex,6,1,24,0,1,1,0,3,2,2,auto,1,0,2,40,10,0,69,0,10454285,24.61,0.64, 0:02.72,927,599,235.25,4184.51,2.72
166,0,16,0:0:0,0x113:0x113,hex,6,1,24,1,1,1,0,0,None,None,None,None,None,0,0,50,0,69,0,11801528,28.8,0.49, 0:04.35,673,599,143.6,4723.77,4.35
167,1,8,1:0:0,0x113:0x113,dia,7,1,24,1,1,1,0,0,None,None,None,None,None,0,0,50,0,69,0,10405803,18.9,0.44, 0:02.97,649,599,213.33,4165.1,2.97
168,1,8,1:0:0,0x3:0x113,umh,9,0,16,0,1,1,-2,3,2,1,spatial,1,0,2,40,30,1,69,1,10483861,33.11,0.49, 0:03.76,892,599,166.04,4196.35,3.76
169,1,8,0:0:0,0x3:0x113,umh,9,0,16,0,1,1,-2,3,2,2,spatial,1,0,2,40,30,1,69,1,10381866,35.86,0.54, 0:04.27,852,599,146.22,4155.52,4.27
170,1,8,1:0:0,0x3:0x113,umh,9,1,16,2,1,1,0,3,2,2,spatial,1,0,2,40,60,1,69,1,11087904,57.15,0.57, 0:06.15,937,599,100.3,4438.13,6.15
17,0,1,0:0:0,0:0,hex,0,0,16,0,0,1,0,0,None,None,None,None,None,0,0,None,0,69,0,15217345,2.74,0.26, 0:00.53,567,599,1623.39,6091.01,0.53
171,1,8,1:0:0,0x3:0x113,umh,9,1,16,2,1,1,-2,3,2,2,spatial,1,0,2,40,50,1,69,1,11171395,58.2,0.75, 0:06.18,952,599,99.6,4471.55,6.18
172,1,8,1:0:0,0x3:0x113,umh,9,1,16,2,1,1,-2,3,2,2,spatial,1,0,2,40,50,1,69,0,13433806,59.87,0.59, 0:06.49,930,599,94.72,5377.12,6.49
173,1,2,1:0:0,0x3:0x113,umh,1,1,16,2,1,1,-2,3,2,2,spatial,1,0,2,40,50,1,69,1,11062646,11.12,0.41, 0:01.35,855,599,510.4,4428.02,1.35
174,1,3,1:0:0,0x3:0x113,umh,6,1,16,2,1,1,-2,3,2,2,spatial,1,0,2,40,50,0,69,1,9170112,21.37,0.6, 0:02.57,854,599,249.63,3670.5,2.57
175,1,2,1:0:0,0x113:0x113,umh,1,1,16,2,1,1,-2,3,2,2,spatial,1,0,2,40,50,1,69,1,11062646,11.2,0.44, 0:01.42,818,599,482.47,4428.02,1.42
176,1,2,1:0:0,0x3:0x113,umh,9,0,24,2,1,1,-2,16,2,2,spatial,1,0,2,40,50,1,69,1,11119955,67.64,1.26, 0:09.92,693,599,61.24,4450.96,9.92
177,1,2,1:0:0,0x3:0x113,umh,1,0,24,2,1,0,-2,16,2,2,auto,1,0,2,40,20,1,69,1,10952649,24.31,1.22, 0:05.88,434,599,104.41,4383.99,5.88
178,1,8,1:0:0,0x3:0x113,umh,10,0,24,2,1,0,-2,16,2,2,auto,1,0,2,40,20,1,69,1,10530381,99.23,1.34, 0:10.67,942,599,57.02,4214.97,10.67
179,1,8,1:0:0,0x3:0x113,umh,9,1,16,2,1,1,-2,3,2,2,spatial,1,0,2,0,60,1,69,0,13404682,62.72,0.53, 0:06.61,956,599,92.93,5365.46,6.61
180,1,8,1:0:0,0x3:0x113,hex,9,1,16,2,1,1,-2,3,2,2,spatial,1,0,2,40,60,1,69,1,11263645,51.62,0.52, 0:05.65,921,599,108.79,4508.47,5.65
18,0,1,0:0:0,0:0,dia,0,0,16,0,0,1,0,3,2,1,None,1,0,0,0,None,0,69,0,13156560,3.57,0.29, 0:00.62,620,599,1308.71,5266.14,0.62
181,1,8,0:0:0,0x3:0x113,umh,9,1,16,2,1,1,-2,3,2,2,spatial,1,0,2,40,10,1,69,1,11166509,52.54,0.43, 0:05.48,965,599,112.77,4469.59,5.48
182,1,8,0:0:0,0x3:0x113,umh,9,1,16,2,1,1,-2,3,2,2,spatial,1,0,2,40,40,1,69,1,11174197,53.32,0.62, 0:05.74,938,599,107.5,4472.67,5.74
183,1,16,1:0:0,0x3:0x113,umh,10,1,24,2,1,1,0,8,2,2,spatial,1,0,2,40,60,1,69,1,10456415,108.7,0.77, 0:10.01,1092,599,60.82,4185.36,10.01
184,1,16,1:0:0,0x3:0x113,umh,10,1,24,2,1,1,-2,8,2,2,spatial,1,0,0,40,60,1,69,0,12803721,114.82,0.76, 0:10.59,1090,599,57.47,5124.91,10.59
185,1,16,0:0:0,0x3:0x113,umh,10,1,24,2,1,1,-2,8,2,2,spatial,1,0,2,40,60,1,69,1,10538430,109.21,0.68, 0:09.93,1106,599,61.33,4218.19,9.93
186,1,8,1:0:0,0x3:0x113,umh,10,1,24,2,1,1,-2,8,2,2,spatial,1,0,2,40,50,1,69,1,10558051,84.95,0.67, 0:08.35,1025,599,73.18,4226.04,8.35
187,0,16,1:0:0,0x3:0x113,umh,10,1,24,2,1,1,-2,8,2,2,spatial,1,0,2,40,60,1,69,1,11514436,149.39,0.87, 0:14.23,1055,599,42.64,4608.85,14.23
188,1,16,1:0:0,0x3:0x113,umh,10,1,24,2,1,1,-2,8,2,2,auto,1,0,2,40,60,1,69,1,10533014,114.32,0.69, 0:10.44,1101,599,58.27,4216.02,10.44
189,1,16,0:0:0,0x3:0x113,hex,11,1,24,2,1,1,-2,8,2,2,spatial,1,0,2,40,60,1,69,1,10705000,107.49,0.72, 0:09.70,1114,599,62.81,4284.86,9.7
190,0,16,0:0:0,0x3:0x113,hex,11,1,24,2,1,1,-2,8,2,2,spatial,1,0,2,40,60,1,69,0,14102417,162.07,0.74, 0:15.51,1049,599,39.06,5644.74,15.51
19,1,1,0:0:0,0:0,dia,0,0,16,0,0,1,0,0,None,None,None,None,None,0,0,None,0,69,0,13729512,3.75,0.3, 0:00.59,679,599,1378.21,5495.48,0.59
191,1,16,1:0:0,0x3:0x133,tesa,11,0,24,2,1,0,-2,16,2,2,spatial,1,0,2,40,60,1,69,1,10622739,313.47,1.47, 0:25.17,1250,599,23.95,4251.94,25.17
192,1,16,1:0:0,0x3:0x133,tesa,11,1,24,2,1,0,-2,16,2,2,auto,1,0,2,40,60,1,69,1,10623420,313.27,1.67, 0:25.11,1253,599,24.02,4252.21,25.11
193,1,16,1:0:0,0x3:0x133,tesa,11,1,24,2,1,0,-2,16,2,2,spatial,1,0,2,40,30,1,69,1,10622739,317.96,1.56, 0:25.72,1242,599,23.45,4251.94,25.72
194,0,16,1:0:0,0x3:0x133,tesa,11,1,24,2,1,0,-2,16,2,2,spatial,1,0,2,40,60,1,69,1,11619146,356.42,1.57, 0:29.30,1221,599,20.57,4650.77,29.3
195,1,16,1:0:0,0x3:0x133,tesa,11,1,24,2,1,0,-2,16,2,2,spatial,1,0,2,40,60,0,69,1,8737601,297.49,1.44, 0:24.92,1199,599,24.19,3497.38,24.92
196,1,16,0:0:0,0x3:0x133,tesa,11,1,24,2,1,0,-2,16,2,2,spatial,1,0,2,40,60,1,69,1,10624573,316.08,1.77, 0:25.29,1256,599,23.85,4252.67,25.29
197,1,16,1:0:0,0x3:0x133,tesa,7,1,24,2,1,0,-2,16,2,2,spatial,1,0,2,40,60,1,69,1,10938732,254.44,1.56, 0:20.54,1245,599,29.4,4378.42,20.54
198,1,16,1:0:0,0x3:0x133,hex,11,1,24,2,1,0,-2,16,2,2,spatial,1,0,2,40,60,1,69,1,10700441,118.72,1.29, 0:11.31,1060,599,53.78,4283.04,11.31
199,1,16,1:0:0,0x3:0x3,tesa,11,1,24,2,1,0,-2,16,2,2,spatial,1,0,2,40,60,1,69,1,10622739,317.3,1.88, 0:25.88,1233,599,23.31,4251.94,25.88
200,1,16,1:0:0,0:0,tesa,11,1,24,2,1,0,-2,16,2,2,spatial,1,0,2,40,60,1,69,1,10622739,310.51,1.56, 0:24.87,1254,599,24.25,4251.94,24.87
20,0,1,0:0:0,0:0,dia,0,0,16,0,0,1,0,0,None,None,None,None,None,0,0,10,0,69,0,15291937,2.96,0.2, 0:00.54,578,599,1556.96,6120.87,0.54
2,1,1,1:0:0,0x3:0x3,dia,1,0,16,0,1,1,0,3,2,1,auto,1,0,1,40,None,0,69,1,10409615,5.66,0.28, 0:00.81,734,599,942.34,4166.63,0.81
201,1,16,1:0:0,0:0,tesa,11,1,16,2,1,0,-2,16,2,2,spatial,1,0,2,40,60,1,69,0,12918094,246.82,1.39, 0:19.79,1253,599,30.49,5170.69,19.79
21,0,1,0:0:0,0:0,dia,0,0,16,0,0,1,0,0,None,None,None,None,None,0,0,None,1,69,0,16692520,3.67,0.31, 0:00.75,525,599,985.14,6681.47,0.75
22,0,1,0:0:0,0:0,dia,0,0,16,0,0,1,0,0,None,None,None,None,None,0,0,None,0,69,1,14094581,2.83,0.25, 0:00.58,527,599,1421.39,5641.6,0.58
23,0,1,0:0:0,0:0,dia,1,0,16,0,0,1,0,0,None,None,None,None,None,0,0,None,0,69,0,13419286,3.12,0.29, 0:00.53,641,599,1605.98,5371.3,0.53
24,0,1,0:0:0,0x3:0x133,dia,0,0,16,0,0,1,0,0,None,None,None,None,None,0,0,None,0,69,0,15291937,2.58,0.32, 0:00.53,545,599,1658.51,6120.87,0.53
25,0,1,0:0:0,0x3:0x3,dia,0,0,16,0,0,1,0,0,None,None,None,None,None,0,0,None,0,69,0,15291937,2.72,0.32, 0:00.52,576,599,1564.77,6120.87,0.52
26,0,1,0:0:0,0:0,dia,11,0,16,0,0,1,0,0,None,None,None,None,None,0,0,None,0,69,0,11049885,10.08,0.27, 0:01.35,767,599,506.29,4422.91,1.35
27,0,1,0:0:0,0:0,dia,11,0,16,0,0,1,0,16,2,1,None,1,None,0,0,None,0,69,0,11255269,14.77,0.36, 0:02.16,700,599,301.76,4505.12,2.16
28,0,1,0:0:0,0:0,dia,0,0,16,2,0,1,0,0,None,None,None,None,None,0,0,None,0,69,0,15786003,10.33,0.32, 0:01.66,639,599,399.45,6318.62,1.66
29,0,1,0:0:0,0:0,dia,0,0,16,0,0,1,0,0,None,None,None,None,None,2,0,None,0,69,0,15266242,3.15,0.3, 0:00.63,548,599,1305.65,6110.58,0.63
30,1,1,0:0:0,0:0,dia,0,1,16,0,0,1,0,0,None,None,None,None,None,0,0,None,0,69,0,13729512,3.87,0.22, 0:00.60,675,599,1302.08,5495.48,0.6
3,1,1,1:0:0,0x3:0x113,hex,2,0,16,0,1,1,0,3,2,1,auto,1,0,1,40,10,1,69,1,10356943,8.21,0.38, 0:01.31,654,599,521.75,4145.55,1.31
31,0,1,0:0:0,0:0,dia,0,1,16,0,0,1,-2,0,None,None,None,None,None,0,0,None,0,69,0,15367964,2.56,0.3, 0:00.52,545,599,1656.43,6151.3,0.52
32,0,1,0:0:0,0:0,dia,0,0,16,0,0,0,0,0,None,None,None,None,None,0,0,None,0,69,0,15320028,2.67,0.28, 0:00.52,565,599,1688.3,6132.11,0.52
33,0,1,1:0:0,0x3:0x3,dia,1,0,16,0,1,1,0,3,2,1,auto,1,0,1,40,None,0,69,1,11753438,4.94,0.27, 0:00.79,655,599,913.71,4704.52,0.79
34,1,1,1:0:0,0x3:0x3,dia,1,0,24,0,1,1,0,3,2,1,auto,1,0,1,40,None,0,69,1,10409615,6.04,0.29, 0:00.85,743,599,870.35,4166.63,0.85
35,1,1,1:0:0,0x3:0x3,dia,1,0,16,0,1,0,0,3,2,1,auto,1,0,1,40,None,0,69,1,10409444,5.78,0.27, 0:00.79,758,599,957.34,4166.56,0.79
36,1,1,1:0:0,0x3:0x3,dia,1,0,16,0,1,1,0,3,2,1,spatial,1,0,1,40,None,0,69,1,10409420,5.51,0.24, 0:00.78,732,599,929.13,4166.55,0.78
37,1,1,1:0:0,0x3:0x3,dia,2,0,16,0,1,1,0,3,2,1,auto,1,0,1,40,None,0,69,1,9176808,7.27,0.34, 0:01.16,653,599,599.28,3673.18,1.16
38,1,1,1:0:0,0x3:0x3,dia,2,0,16,0,1,1,0,3,2,1,auto,1,0,2,40,None,0,69,1,9176808,7.51,0.35, 0:01.21,650,599,571.35,3673.18,1.21
39,1,1,1:0:0,0x3:0x133,dia,2,0,16,0,1,1,0,3,2,1,auto,1,0,1,40,None,0,69,1,9176808,7.25,0.37, 0:01.12,679,599,630.81,3673.18,1.12
40,1,1,1:0:0,0x3:0x3,dia,1,0,16,0,1,1,0,3,2,1,auto,1,0,1,40,10,0,69,1,10409615,5.66,0.32, 0:00.81,731,599,911.5,4166.63,0.81
4,1,2,1:0:0,0x3:0x113,hex,4,0,16,0,1,1,0,3,2,1,auto,1,0,1,40,20,1,69,1,10193781,9.79,0.32, 0:01.42,709,599,475.5,4080.24,1.42
41,1,1,1:0:0,0x3:0x3,dia,1,0,16,0,1,1,0,3,2,1,auto,1,0,1,40,None,0,69,0,11425798,5.71,0.3, 0:00.83,719,599,899.93,4573.38,0.83
42,1,5,1:0:0,0x3:0x3,dia,1,0,16,0,1,1,0,3,2,1,auto,1,0,1,40,None,0,69,1,10260884,6.52,0.39, 0:00.81,845,599,913.82,4107.1,0.81
43,1,1,1:0:0,0x3:0x3,dia,1,0,16,0,1,1,0,3,2,1,auto,1,0,1,40,None,1,69,1,10671549,6.75,0.37, 0:01.15,615,599,606.63,4271.47,1.15
44,0,1,1:0:0,0x3:0x3,dia,1,0,16,0,1,1,0,3,2,1,auto,1,0,1,40,None,1,69,1,12029176,5.97,0.36, 0:01.09,580,599,651.7,4814.89,1.09
45,0,1,1:0:0,0x3:0x3,hex,1,0,16,0,1,1,0,3,2,1,auto,1,0,1,40,None,1,69,1,11952860,5.88,0.42, 0:01.16,544,599,612.18,4784.34,1.16
46,0,1,1:0:0,0x3:0x3,hex,1,0,16,1,1,1,0,3,2,1,auto,1,0,1,40,None,1,69,1,12635941,9.22,0.29, 0:01.18,803,599,593.16,5057.76,1.18
47,0,1,1:0:0,0x3:0x3,umh,1,0,16,0,1,1,0,3,2,1,auto,1,0,1,40,None,1,69,1,11712504,7.02,0.36, 0:01.21,608,599,575.38,4688.13,1.21
48,0,1,1:0:0,0x3:0x3,tesa,1,0,16,0,1,1,0,3,2,1,auto,1,0,1,40,None,1,69,1,11724629,11.89,0.37, 0:01.37,889,599,498.9,4692.99,1.37
49,0,1,0:0:0,0x3:0x3,dia,1,0,16,0,1,1,0,16,2,1,auto,1,0,1,40,None,1,69,1,12096328,6.62,0.41, 0:01.45,482,599,465.19,4841.77,1.45
50,1,1,1:0:0,0x3:0x3,dia,1,1,16,0,1,1,0,3,2,1,auto,1,0,1,40,None,0,69,0,11425798,5.75,0.28, 0:00.81,739,599,915.84,4573.38,0.81
5,1,2,1:0:0,0x3:0x113,hex,6,1,16,1,1,1,-2,3,2,1,auto,1,0,1,40,30,1,69,1,11184399,14.38,0.43, 0:01.94,761,599,339.85,4476.75,1.94
51,1,1,1:0:0,0x3:0x3,dia,1,1,16,0,1,0,0,3,2,1,auto,1,0,1,40,None,0,69,0,11433949,5.61,0.29, 0:00.79,741,599,915.69,4576.64,0.79
52,0,1,0:0:0,0x3:0x3,dia,1,1,16,0,1,0,0,3,2,1,auto,1,0,1,0,None,0,69,0,12659015,4.99,0.38, 0:00.84,639,599,890.78,5066.99,0.84
53,0,1,1:0:0,0x3:0x3,dia,1,1,16,0,1,0,0,3,2,1,auto,1,0,1,40,None,0,69,0,12775464,5.08,0.36, 0:00.84,646,599,887.99,5113.6,0.84
54,1,1,1:0:0,0x3:0x3,tesa,1,1,16,0,1,0,0,3,2,1,auto,1,0,1,40,None,0,69,0,11116919,11.68,0.34, 0:01.19,1008,599,585.14,4449.74,1.19
55,1,1,1:0:0,0x3:0x3,dia,1,1,16,0,1,0,0,3,2,2,spatial,1,0,2,40,None,0,69,0,11650112,7.1,0.38, 0:01.19,626,599,585.74,4663.16,1.19
56,1,16,1:0:0,0x3:0x133,dia,1,1,16,0,1,0,0,3,2,2,spatial,1,0,2,40,None,0,69,0,11391759,11.88,0.43, 0:01.29,954,599,535.67,4559.75,1.29
57,1,16,1:0:0,0x3:0x133,dia,1,1,16,0,1,0,0,3,2,2,spatial,1,0,2,40,60,0,69,0,11391759,11.97,0.5, 0:01.42,877,599,478.96,4559.75,1.42
58,0,1,1:0:0,0x3:0x113,hex,2,0,16,0,1,1,0,3,2,1,auto,1,0,1,40,10,1,69,1,11704719,7.42,0.44, 0:01.40,559,599,483.47,4685.02,1.4
59,0,1,1:0:0,0x3:0x113,hex,2,0,16,0,1,1,0,3,2,1,spatial,1,0,1,40,10,1,69,1,11703395,7.36,0.41, 0:01.45,535,599,464.03,4684.49,1.45
60,0,1,1:0:0,0x3:0x113,hex,2,0,16,0,1,1,0,3,2,1,auto,1,0,1,40,10,0,69,1,10356252,6.88,0.31, 0:01.18,607,599,577.32,4145.27,1.18
6,1,3,1:0:0,0x3:0x113,hex,7,1,16,1,1,1,-2,3,2,1,auto,1,0,2,40,40,1,69,1,11290942,16.72,0.49, 0:02.02,849,599,323.58,4519.4,2.02
61,0,1,1:0:0,0x3:0x3,hex,2,0,16,0,1,1,0,3,2,1,auto,1,0,1,40,10,1,69,1,11704719,7.2,0.36, 0:01.33,568,599,516.72,4685.02,1.33
62,0,1,1:0:0,0:0,hex,2,0,16,0,1,1,0,3,2,1,auto,1,0,1,40,10,1,69,1,11704719,7.3,0.3, 0:01.28,590,599,535.52,4685.02,1.28
63,1,1,1:0:0,0x3:0x113,hex,2,1,16,0,1,1,0,3,2,1,auto,1,0,1,40,10,1,69,1,10356943,7.77,0.38, 0:01.26,646,599,546.57,4145.55,1.26
64,1,1,1:0:0,0x3:0x113,hex,2,0,16,0,0,1,0,3,2,1,auto,1,0,1,40,10,0,69,1,9004457,7.15,0.36, 0:01.15,649,599,604.26,3604.19,1.15
65,1,1,1:0:0,0x3:0x113,hex,2,0,16,0,0,1,0,3,2,1,spatial,1,0,1,40,40,0,69,1,9004174,7.49,0.44, 0:01.20,660,599,583.28,3604.08,1.2
66,1,1,1:0:0,0x3:0x113,hex,1,0,16,0,0,1,0,3,2,1,spatial,1,0,1,40,40,0,69,1,10150748,5.64,0.3, 0:00.80,742,599,944.51,4063.01,0.8
67,1,1,1:0:0,0x3:0x113,hex,2,0,16,0,0,1,0,3,2,1,auto,1,0,1,40,40,0,69,1,9004457,7.22,0.3, 0:01.13,664,599,607.02,3604.19,1.13
68,1,1,1:0:0,0x3:0x113,hex,2,0,16,0,1,1,0,3,2,1,auto,1,0,1,40,20,1,69,0,12597745,7.83,0.43, 0:01.34,616,599,511.11,5042.47,1.34
69,1,1,0:0:0,0x113:0x113,tesa,2,0,16,0,1,1,0,3,2,1,auto,1,0,1,40,10,1,69,1,10306885,14.87,0.42, 0:01.63,934,599,405.83,4125.51,1.63
70,1,1,0:0:0,0x113:0x113,tesa,2,0,16,2,1,1,0,3,2,1,auto,1,0,1,40,10,1,69,1,10950159,17.6,0.41, 0:01.77,1016,599,367.87,4382.99,1.77
7,1,5,1:0:0,0x3:0x113,hex,8,1,16,2,1,1,-2,3,2,1,spatial,1,0,2,40,50,1,69,1,11359189,34.53,0.6, 0:04.44,789,599,139.67,4546.71,4.44
71,1,5,1:0:0,0x3:0x113,dia,2,0,16,0,1,1,0,3,2,1,auto,1,0,1,40,10,1,69,1,10295224,9.7,0.42, 0:01.29,780,599,530.1,4120.84,1.29
72,1,5,1:0:0,0x3:0x113,dia,2,0,16,0,1,1,0,8,2,1,auto,1,0,1,40,10,1,69,1,10281699,10.98,0.41, 0:01.49,762,599,451.44,4115.43,1.49
73,1,5,1:0:0,0x3:0x113,dia,8,0,16,0,1,1,0,8,2,1,auto,1,0,1,40,10,1,69,1,10380844,19.91,0.45, 0:02.29,887,599,281.21,4155.11,2.29
74,1,5,1:0:0,0x3:0x113,dia,8,1,16,0,1,1,0,8,2,1,auto,1,0,2,40,10,0,69,1,9195756,19.47,0.4, 0:02.25,880,599,286.38,3680.76,2.25
75,1,2,1:0:0,0x3:0x113,hex,4,0,16,0,1,1,0,3,2,1,auto,1,0,1,0,20,1,69,1,10113247,9.2,0.36, 0:01.26,754,599,546.32,4048.0,1.26
76,1,2,1:0:0,0x113:0x113,hex,4,0,16,0,1,1,0,3,2,1,auto,1,0,1,0,20,1,69,1,10113247,9.37,0.37, 0:01.30,745,599,517.8,4048.0,1.3
77,0,2,1:0:0,0x3:0x113,hex,4,0,16,0,1,1,-2,3,2,1,auto,1,0,1,0,20,1,69,1,11544905,8.56,0.38, 0:01.29,692,599,523.23,4621.05,1.29
78,1,2,1:0:0,0x3:0x113,hex,4,0,16,0,1,1,0,3,2,1,spatial,1,0,1,40,20,1,69,0,12391907,9.79,0.38, 0:01.39,732,599,490.87,4960.08,1.39
79,1,2,1:0:0,0x3:0x113,hex,4,0,16,0,1,1,0,0,None,None,None,None,None,0,0,None,0,69,1,8672297,6.18,0.28, 0:00.78,823,599,980.12,3471.24,0.78
80,1,2,1:0:0,0x3:0x113,hex,4,0,16,0,1,1,0,8,1,1,auto,1,0,1,40,20,1,69,1,10221184,10.48,0.37, 0:01.65,657,599,402.99,4091.21,1.65
8,1,8,1:0:0,0x3:0x113,umh,9,1,16,2,1,1,-2,3,2,2,spatial,1,0,2,40,60,1,69,1,11170756,55.52,0.56, 0:06.07,922,599,101.48,4471.29,6.07
81,0,2,1:0:0,0x3:0x113,hex,4,0,16,0,1,1,0,8,1,1,auto,1,0,1,40,10,1,69,1,11492773,9.13,0.37, 0:01.43,662,599,474.9,4600.18,1.43
82,0,1,1:0:0,0x3:0x113,hex,4,0,16,1,1,1,0,8,1,1,spatial,1,0,1,40,10,1,69,1,12196895,12.65,0.31, 0:01.55,836,599,426.87,4882.02,1.55
83,0,2,1:0:0,0x3:0x113,hex,4,0,24,0,1,1,0,8,1,1,auto,1,0,1,40,10,1,69,1,11492773,9.33,0.33, 0:01.52,636,599,435.19,4600.18,1.52
84,0,2,1:0:0,0x3:0x113,hex,4,0,24,1,1,1,0,8,1,1,auto,1,0,2,40,10,1,69,1,12069187,12.9,0.41, 0:01.52,872,599,440.97,4830.9,1.52
85,0,2,1:0:0,0:0,hex,4,0,24,0,1,1,0,8,1,1,auto,1,0,1,40,10,1,69,1,11492773,9.54,0.4, 0:01.49,665,599,452.63,4600.18,1.49
86,0,2,0:0:0,0:0,hex,4,0,24,0,1,1,0,8,1,1,auto,1,0,1,40,10,1,69,1,11506970,9.66,0.38, 0:01.50,666,599,447.18,4605.87,1.5
87,0,2,1:0:0,0:0,hex,4,1,24,0,1,1,-2,8,1,1,spatial,None,0,1,40,10,1,69,1,11587500,9.17,0.27, 0:01.34,701,599,511.53,4638.1,1.34
88,1,2,1:0:0,0x3:0x113,hex,4,0,16,0,1,1,0,0,None,None,None,None,None,0,0,None,0,69,0,9651599,6.71,0.26, 0:00.88,786,599,829.05,3863.22,0.88
89,1,2,1:0:0,0x3:0x113,umh,7,1,16,0,1,1,0,0,None,None,None,None,None,0,0,None,0,69,1,8694022,10.89,0.27, 0:01.37,815,599,495.45,3479.93,1.37
90,0,2,1:0:0,0x3:0x113,hex,4,0,16,0,1,0,-2,0,None,None,None,None,None,0,0,None,0,69,1,10008725,5.98,0.23, 0:00.74,830,599,1034.66,4006.17,0.74
9,1,16,1:0:0,0x3:0x113,umh,10,1,24,2,1,1,-2,8,2,2,spatial,1,0,2,40,60,1,69,1,10531800,115.06,0.8, 0:10.52,1100,599,57.86,4215.54,10.52
91,1,8,1:0:0,0x3:0x113,hex,4,0,16,0,1,1,0,0,None,None,None,None,None,0,0,None,0,69,1,8530048,14.09,0.32, 0:01.77,813,599,373.37,3414.3,1.77
92,0,8,0:0:0,0x3:0x113,hex,4,0,16,0,1,1,0,0,None,None,None,None,None,0,0,None,0,69,0,10739730,12.52,0.38, 0:01.59,809,599,419.7,4298.76,1.59
93,1,2,1:0:0,0x3:0x3,hex,4,0,16,1,1,1,0,3,2,1,auto,1,0,1,40,20,1,69,1,10803343,11.56,0.38, 0:01.45,819,599,465.1,4324.23,1.45
94,1,2,0:0:0,0x3:0x113,hex,4,0,16,0,1,1,0,3,2,1,spatial,1,0,1,40,20,1,69,0,12407556,9.59,0.36, 0:01.36,728,599,501.73,4966.34,1.36
95,0,2,1:0:0,0x3:0x113,hex,11,0,16,0,1,1,0,3,2,1,auto,1,0,1,40,40,0,69,1,10592792,17.93,0.41, 0:02.10,870,599,308.43,4239.95,2.1
96,1,2,1:0:0,0x3:0x113,hex,8,0,16,0,1,1,0,3,2,1,auto,1,0,1,40,20,1,69,1,10521598,16.91,0.47, 0:01.95,892,599,339.12,4211.45,1.95
97,1,2,1:0:0,0x3:0x113,hex,4,1,16,0,1,1,0,3,2,2,auto,1,0,1,40,20,1,69,1,10078876,12.26,0.54, 0:02.14,596,599,303.39,4034.25,2.14
98,1,2,0:0:0,0x3:0x113,hex,4,0,24,0,1,1,0,3,2,1,auto,1,0,1,40,30,1,69,1,10211179,10.16,0.41, 0:01.49,709,599,453.02,4087.2,1.49
99,1,5,1:0:0,0x3:0x113,hex,6,1,16,1,1,0,-2,3,None,1,spatial,1,0,1,40,30,1,69,1,11199902,16.43,0.52, 0:01.99,850,599,325.4,4482.96,1.99
100,0,3,0:0:0,0x113:0x113,hex,6,1,16,1,1,1,-2,3,2,1,auto,1,0,2,40,30,0,69,1,10989531,14.49,0.27, 0:01.58,930,599,415.57,4398.75,1.58
10,1,16,1:0:0,0x3:0x133,tesa,11,1,24,2,1,0,-2,16,2,2,spatial,1,0,2,40,60,1,69,1,10622739,302.36,1.35, 0:24.48,1240,599,24.62,4251.94,24.48
